#ifndef __TRACT_H__
#define __TRACT_H__

double **tract1(int S);
void sizes(int S,int ztmp,int ktmp,int *Z,int *K);

#ifndef __HEADERS__
#include <stdio.h>
#include <math.h>
#define __HEADERS__
#include "debug.c"
#include "getarg.c"
#include "getmem.c"

const int nrow=66;
const int ncol=66;

double stmp[nrow]={5.4847907e+00,2.1499402e+00,5.6888091e+00,1.5703103e+01,8.4441680e+00,4.7932543e+00,1.8909830e+01,3.1489804e+01,2.8399746e+01,3.9155224e+00,3.4443402e+01,2.0094337e+01,1.5556307e+01,1.2572834e+01,3.7378943e+01,4.1288728e+00,8.4771737e+00,9.5847076e+00,6.0124972e+00,1.4427335e+01,6.7451180e+00,2.4612576e+01,6.0632952e+00,3.1579837e+01,2.0674452e+01,8.6498928e+00,3.3699848e+01,5.7604400e+01,3.0464565e+01,4.1204374e+01,2.8819135e+01,2.6391133e+00,1.4358391e+01,5.7664139e+00,2.1572783e+00,4.0258202e+00,1.5429055e+01,  9.9710276e+00,5.0201117e+00,1.5551743e+01,2.8206311e+01,2.7294322e+01,3.8586304e+00,3.0965550e+01,2.0953257e+01,1.6725333e+01,1.2650989e+01,3.2643861e+01,4.7526200e+00,8.1688943e+00,1.1395756e+01,6.1047702e+00,1.2652562e+01,6.8444507e+00,2.1300535e+01,5.9075891e+00,2.9509250e+01,2.1474796e+01,4.7047933e+00,3.2102380e+01,6.8791804e+01,3.0527683e+01,3.6669324e+01,2.5726791e+01,2.4687789e+00,1.5226661e+01};

double dtmp[nrow][ncol]={
{0.0000000000000000e+00,7.6892206584953824e+00,4.1887490711011772e+01,5.0864442507610399e+01,4.8174279917168803e+01,5.9030764855386984e+01,5.2104388553797513e+01,3.5143436340852602e+01,3.7864389680301827e+01,1.7746439460943396e+01,3.5368001325961373e+01,6.0219738461403431e+01,7.7744801612001865e+01,7.7366303649855709e+01,4.0713527166656121e+01,4.9858002504213943e+01,9.0252263883849878e+01,3.1274932242649211e+01,5.4085634355381167e+01,8.0191395765478106e+01,4.6950751689555162e+01,5.5500125892088185e+01,9.1509107077279737e+01,3.6208126248108627e+01,7.4026978905568669e+01,4.2518356433479319e+01,4.6715458983973832e+01,3.7482816303487553e+01,6.7959806525673642e+01,2.7887386406115375e+01,3.5339904201188077e+01,3.6385988738328294e+01,8.7018291245019583e+01,1.1258606618340215e+01,4.2669242589982822e+01,5.6757728795401199e+01,4.9036745645894712e+01,4.8119225422304254e+01,7.4811405551475005e+01,3.9808675235862133e+01,4.3640580772732903e+01,5.1851647206750656e+01,8.1802017777520035e+01,2.9285817416562285e+01,6.0433948866927608e+01,3.3445149340524218e+01,1.0526680573166047e+01,4.5135139733245595e+01,7.8625480146597980e+01,9.3343036307411836e+01,5.5819917175726836e+01,7.7395286676458085e+01,1.0089696778619684e+02,8.3069402417618107e+01,6.0645986778665545e+01,1.0474705913572234e+02,5.9827148593280135e+01,8.1740263320129628e+01,4.8330329459877191e+01,8.7607069630037813e+01,6.2188074780114697e+01,7.3751743008828797e+01,7.5634540042569583e+01,7.4810134708616843e+01,7.8706139865604598e+01,9.1554200794431182e+01},
{7.6892206584953824e+00,0.0000000000000000e+00,3.8632816160453721e+01,4.5561286666478559e+01,4.2169626279304850e+01,5.1660194818827634e+01,4.5521310402711634e+01,3.0997109256537239e+01,3.0561374848100275e+01,1.2229822229710607e+01,2.9622366515240206e+01,5.3634633947048236e+01,7.1401078264089335e+01,7.0863596448622317e+01,4.2720275940009643e+01,5.4850567299250798e+01,8.5819255389518986e+01,2.7707780756594715e+01,5.0699462406503621e+01,7.8830648696580027e+01,4.5749534778075073e+01,5.1192038964836094e+01,8.7668350021083896e+01,3.8929907831557465e+01,6.8853441431832053e+01,4.3106911421347377e+01,4.7436747456621859e+01,3.2629489512905060e+01,6.7403090539819729e+01,3.5424889184964670e+01,4.1084502538456960e+01,4.3744897191453042e+01,8.2164412629270771e+01,1.1539712037838498e+01,3.6971740289248430e+01,5.9086639521033057e+01,4.7797974356264660e+01,5.1783895784769541e+01,7.1674272124235870e+01,4.1971137194418155e+01,5.0332662344964625e+01,5.5688551631962149e+01,8.0304584690891474e+01,3.2154524669043404e+01,6.2051311402885133e+01,3.5324164098138468e+01,1.6580910486090684e+01,4.5489563339838476e+01,7.6749137808880832e+01,8.8237766449858043e+01,4.9188186212468011e+01,6.9755747370465286e+01,9.5060458030863600e+01,7.5635785769593198e+01,5.5344244962736596e+01,9.8139689372067195e+01,5.7410246192000074e+01,7.5152013806775173e+01,4.7492149550413011e+01,8.0545691281890029e+01,5.4576803527179770e+01,7.2264856516018853e+01,7.1689001189763815e+01,7.1449595922904166e+01,7.5582156328981668e+01,8.5593686222552307e+01},
{4.1887490711011772e+01,3.8632816160453721e+01,0.0000000000000000e+00,1.7295010634756263e+01,2.0387957263383544e+01,4.1569105342985665e+01,3.2847087393862118e+01,1.7710060541995109e+01,3.0103010498957708e+01,3.4481192387668877e+01,2.2881149435870345e+01,6.7469012838759440e+01,8.6597753951136539e+01,8.8303532443779005e+01,3.0395007027590683e+01,6.2296520035404683e+01,9.6347117258848044e+01,5.7508763898155046e+01,8.1961645404721452e+01,9.8919722875889335e+01,8.2516340768791650e+01,6.0828931370931954e+01,1.0855586696193774e+02,5.2241517786242973e+01,8.6832620722698408e+01,4.3657337711333874e+01,8.4760649422411049e+01,6.2794597939980321e+01,6.3499752389361987e+01,6.1481112568554643e+01,6.3689758905763419e+01,6.5212394693332527e+01,9.6540304673095008e+01,4.9669385816212582e+01,2.0363818275326626e+01,7.5641436815625397e+01,4.5367974391799947e+01,6.6619543258943040e+01,7.8376664293964708e+01,3.4375678905725863e+01,6.0200986081840043e+01,4.6710094097519288e+01,9.0789072822106945e+01,7.0195030941299080e+01,8.5937616403027107e+01,6.8404199646264772e+01,5.2018351728133325e+01,2.2099188544540812e+01,4.2791141974246464e+01,9.2119276159886411e+01,4.4729337465008065e+01,6.4044182464520489e+01,8.2330670729478769e+01,6.2915177484127803e+01,5.5699385068183247e+01,9.7596124483629936e+01,3.8487780213944717e+01,8.0915165368307100e+01,3.9540438661158873e+01,6.0257284600523505e+01,4.9642250325826843e+01,6.1191692018588441e+01,3.3987779187346042e+01,4.2311634272594375e+01,4.0059378067626078e+01,9.0743281105056795e+01},
{5.0864442507610399e+01,4.5561286666478559e+01,1.7295010634756263e+01,0.0000000000000000e+00,7.0920996521683310e+00,2.8258591821110265e+01,1.8602675036685799e+01,1.9776503618972853e+01,2.4175340179805577e+01,3.8160998937888486e+01,1.9564141363157770e+01,6.2135371531402761e+01,7.9815710923533388e+01,7.9913247679686563e+01,4.7655562978519406e+01,7.8443380130675024e+01,9.5028025403074949e+01,5.7343677283168461e+01,8.1878502980813280e+01,1.0353447615919268e+02,8.4267207497623247e+01,6.2643635889591238e+01,1.0727694421869506e+02,5.9388425571241335e+01,8.3748255434001962e+01,4.8971504028927200e+01,8.9585209436262872e+01,6.2658949595926167e+01,7.3424395779212048e+01,7.4541284073617589e+01,7.3491596043429766e+01,7.8060837701477624e+01,9.3876583780952132e+01,5.5730106732126046e+01,1.9621500461849827e+01,8.7267483080690056e+01,5.5507154081523922e+01,8.0228391342554815e+01,8.1430771731671740e+01,4.6697828452247606e+01,7.5220872708807377e+01,6.3977166631776910e+01,9.6459721424048013e+01,7.7286266866323402e+01,9.5163961546277704e+01,7.6492755384823795e+01,6.1293195932327741e+01,3.9051121143884785e+01,4.9902325161865100e+01,8.9254122394618832e+01,3.1810122114751895e+01,5.0299713192188364e+01,7.6424427017995143e+01,4.6404892635070276e+01,5.4881592276253450e+01,8.9202080764804663e+01,3.6268247612236898e+01,7.3790917354798268e+01,4.2382759897369247e+01,4.4479166487964342e+01,3.6786836334186631e+01,6.9553731151534393e+01,2.9246637715614270e+01,3.5946803587708004e+01,3.6337608542573065e+01,8.5244156172912682e+01},
{4.8174279917168803e+01,4.2169626279304850e+01,2.0387957263383544e+01,7.0920996521683310e+00,0.0000000000000000e+00,2.2249407200006608e+01,1.4898088476298105e+01,2.0195097100145848e+01,1.7698977975557693e+01,3.4923422992909458e+01,1.6883759008582054e+01,5.5144358000626958e+01,7.2782382263496103e+01,7.2950673158947751e+01,4.9748777708142136e+01,7.8439309738041331e+01,8.9168038919643422e+01,5.2919600244727789e+01,7.5444798973176091e+01,9.8253609549928726e+01,7.8755900842856107e+01,5.7281174689491493e+01,1.0067808620087028e+02,5.9786575884154338e+01,7.6959912339118446e+01,5.0757424742105165e+01,8.4418019311807882e+01,5.6455498825899610e+01,7.1907945519837455e+01,7.3170479757216171e+01,7.3082401759478373e+01,7.7857858144806443e+01,8.7433202147211290e+01,5.2084097953776229e+01,1.5811478445697647e+01,8.4462661914956882e+01,5.3572917965059489e+01,7.8388064538309493e+01,7.6821608482281789e+01,4.9674014720772696e+01,7.6519447447526858e+01,6.6561671477288883e+01,9.2222574659832858e+01,7.3176121222573599e+01,9.1105917871859248e+01,7.2177791246039789e+01,5.8388048638343015e+01,4.2327823504948192e+01,5.4185300058669931e+01,8.3808840925463457e+01,2.8216596362757002e+01,4.4749859800241161e+01,7.3068072663430328e+01,4.2832809740136021e+01,4.9763053425879001e+01,8.3621469478827123e+01,4.0543938280087922e+01,6.7348680341039426e+01,4.5121640951644714e+01,4.2513106054939684e+01,3.0528590942173238e+01,6.8634466871210861e+01,3.5281219370903628e+01,4.1850380938191599e+01,4.3225629807113300e+01,7.9200801337434811e+01},
{5.9030764855386984e+01,5.1660194818827634e+01,4.1569105342985665e+01,2.8258591821110265e+01,2.2249407200006608e+01,0.0000000000000000e+00,2.0525446355520980e+01,3.9227680848245463e+01,2.1450518586586782e+01,4.5344691616231081e+01,3.1860599464157001e+01,4.0404829837225563e+01,5.5166538463854607e+01,5.5670173676860351e+01,6.8580038063800018e+01,9.2653541856654812e+01,7.6709442683831682e+01,5.5665346717545091e+01,6.8146432161334957e+01,9.2883950945522372e+01,7.6507335017295304e+01,5.1809052127892066e+01,8.7755050189507955e+01,7.5358307854601719e+01,6.3046178599920175e+01,6.8241955147803793e+01,8.4059614435017323e+01,5.2038892897114970e+01,7.7672511672257983e+01,8.5920118840438334e+01,8.7440685489063540e+01,9.3056585445383959e+01,7.3225410375594350e+01,5.9571286466803357e+01,2.6653904862107698e+01,9.0215028425820961e+01,6.0956792250011688e+01,8.7825069837475297e+01,7.1318248521504501e+01,7.0312894325220611e+01,9.4613091651526560e+01,8.5744798581158108e+01,8.8992790034606386e+01,7.7744656631747262e+01,9.3013506544261006e+01,7.5680065058336766e+01,6.7842238971711694e+01,6.2489402199941885e+01,6.9016479640528019e+01,7.0395585368819397e+01,2.7309911333880528e+01,2.2647009216639802e+01,6.1149399483748113e+01,2.6010281105848282e+01,4.2533871434098273e+01,6.4585338239488621e+01,5.8411703494157834e+01,4.9066921610778230e+01,6.3243803690967248e+01,2.9903280523018541e+01,8.9543857218596621e+00,7.4132051883215581e+01,5.0058591023802634e+01,5.8162782580770333e+01,6.0458207777268690e+01,6.2489118382459225e+01},
{5.2104388553797513e+01,4.5521310402711634e+01,3.2847087393862118e+01,1.8602675036685799e+01,1.4898088476298105e+01,2.0525446355520980e+01,0.0000000000000000e+00,2.4331510783891851e+01,1.8863549104583946e+01,3.5641673623404380e+01,1.7929756748977198e+01,5.4489374631615050e+01,7.0060600710912823e+01,6.6319452071598008e+01,6.1606312378403416e+01,8.9463536965145579e+01,9.3854827231464270e+01,4.7781668129081886e+01,7.3990216314604083e+01,1.0448353082115304e+02,7.5964103113021764e+01,6.4474980022591339e+01,1.0220343552530736e+02,5.9132353614288675e+01,7.7653801386044861e+01,4.9947994316955224e+01,8.4793313749198759e+01,5.5167144416324319e+01,8.5025844590872609e+01,7.8824155384631254e+01,7.4095098258693767e+01,8.1952397142562546e+01,8.9811802068993259e+01,5.3183593042380167e+01,2.8499653298373556e+01,9.4319600281273921e+01,6.6195705725304549e+01,8.8650269285817203e+01,8.5443655428130583e+01,5.5191965534020689e+01,8.2999268729047856e+01,7.8064919897540420e+01,1.0136469880941904e+02,7.4731786964846336e+01,9.8590526340527973e+01,7.6668988590548864e+01,6.1898676018026997e+01,5.4700178444990591e+01,6.8178721368136948e+01,8.9075375499076756e+01,1.3557044506425340e+01,4.0164228972417959e+01,7.9983103120400855e+01,3.5501125633305172e+01,5.7639902279312437e+01,8.4953480598404084e+01,3.8675039972236185e+01,6.7962082948448611e+01,4.3889030382440893e+01,4.0776812424317939e+01,2.6215606026321797e+01,8.2375068573925901e+01,4.4433521022265928e+01,4.1814942156357908e+01,4.8293355401875765e+01,8.1772495195554313e+01},
{3.5143436340852602e+01,3.0997109256537239e+01,1.7710060541995109e+01,1.9776503618972853e+01,2.0195097100145848e+01,3.9227680848245463e+01,2.4331510783891851e+01,0.0000000000000000e+00,2.3221734807146721e+01,2.2141230226358939e+01,9.1816766860525814e+00,6.3930147550245103e+01,8.2122892812768768e+01,7.9970175567358282e+01,4.0479946880187420e+01,6.9279886503518156e+01,9.9551068125594156e+01,4.2939580747211956e+01,7.4650351681426926e+01,1.0161433936484805e+02,7.1984654896817261e+01,6.4688449715197962e+01,1.0728019765257528e+02,3.9877615061196678e+01,8.4728297051671802e+01,3.1288677504089502e+01,7.7373967798189526e+01,5.4633147737817808e+01,7.5889802452862440e+01,5.8514076379641978e+01,5.3932543711352551e+01,5.9907981647862883e+01,9.6999175654610454e+01,4.0049999921916239e+01,2.6542957890263111e+01,8.1270524357234123e+01,5.6139373883708274e+01,7.2354075768861009e+01,8.5133852701377151e+01,3.1476292009241412e+01,5.9041517519140221e+01,5.5851149910065992e+01,9.7739155716315224e+01,6.2737952315524360e+01,8.8348924216331980e+01,6.5404316343709141e+01,4.5576784817881290e+01,3.4960050972381978e+01,6.0187853474809998e+01,9.6905622226566635e+01,3.2327479452460722e+01,6.1278765112365193e+01,9.0974018368883648e+01,5.9357470759997284e+01,6.1302330314383774e+01,1.0000894943587666e+02,2.9777615759994070e+01,8.0884796489800834e+01,2.7659330563331817e+01,6.1658307831099670e+01,4.5729082607313359e+01,7.5368146568095895e+01,4.4737458178567188e+01,4.0640146089715451e+01,4.5566743745231705e+01,9.2917311594062838e+01},
{3.7864389680301827e+01,3.0561374848100275e+01,3.0103010498957708e+01,2.4175340179805577e+01,1.7698977975557693e+01,2.1450518586586782e+01,1.8863549104583946e+01,2.3221734807146721e+01,0.0000000000000000e+00,2.4079979649164592e+01,1.5004497215446740e+01,4.1284063741385992e+01,5.9258314027779768e+01,5.8523021601303654e+01,5.3233662105455643e+01,7.5792487479152598e+01,7.9413849754865041e+01,3.8188475738640690e+01,5.8084521613573457e+01,8.6405241341889223e+01,6.1582238673322585e+01,4.7743604692250891e+01,8.6762787215021348e+01,5.5812124168287781e+01,6.3119768844305391e+01,5.1127450713551127e+01,6.8098265569385887e+01,3.8968390396834259e+01,7.0974467342378944e+01,6.5104778371543105e+01,6.6369645865454800e+01,7.1786510660236743e+01,7.5593195624815422e+01,3.8868416487687433e+01,1.8763255770086655e+01,7.6638539811669062e+01,5.1537507018654139e+01,7.2116253075049826e+01,6.9616239537017350e+01,5.2888331375357623e+01,7.4488709431378012e+01,7.0019614279510307e+01,8.4408320700998161e+01,5.8688307734077448e+01,7.9879973156712822e+01,5.8555255087089989e+01,4.7001586626581677e+01,4.9300711415497943e+01,6.7405790576944554e+01,7.6802343605822216e+01,2.5825006229534139e+01,4.1541700795900795e+01,7.4593491057211295e+01,4.5457246624093870e+01,4.3713933393320630e+01,7.8263880914942831e+01,4.9271201729306583e+01,5.8149337160813438e+01,4.8699263316308809e+01,5.0215328712670335e+01,2.5668383871988620e+01,7.0546784102038899e+01,5.2835221603124630e+01,5.6054977934564420e+01,5.9931773727050377e+01,7.1000441467709010e+01},
{1.7746439460943396e+01,1.2229822229710607e+01,3.4481192387668877e+01,3.8160998937888486e+01,3.4923422992909458e+01,4.5344691616231081e+01,3.5641673623404380e+01,2.2141230226358939e+01,2.4079979649164592e+01,0.0000000000000000e+00,1.9794989576149252e+01,5.4476445992993291e+01,7.1963516328491991e+01,6.8994777361130360e+01,4.5980111945675318e+01,6.4273135732587534e+01,9.1184799274626187e+01,2.3792872501562435e+01,5.5734155403597313e+01,8.8308125846157623e+01,5.0345619085982115e+01,5.7114294173127888e+01,9.3531024775246109e+01,3.4628728754133981e+01,7.2727839284991973e+01,3.5521451229623800e+01,5.5836360282007732e+01,3.6174617868030573e+01,7.5044679950040816e+01,4.4841102720652536e+01,4.2582976371223090e+01,4.9123161440403869e+01,8.6743926781389504e+01,1.8592173912280046e+01,3.4386493927657831e+01,7.0612852770270507e+01,5.4807447163734849e+01,6.3068800806109152e+01,7.8733212479007875e+01,3.8881449865481898e+01,5.4744821712213678e+01,6.0031767656437928e+01,8.9317154926709009e+01,4.1516529371613061e+01,7.3736549114557704e+01,4.6829275712403685e+01,2.6961772287352922e+01,4.5924695335849222e+01,7.5970561404681845e+01,9.2122822969562662e+01,3.8243611878243478e+01,6.4225400222844982e+01,9.5440361682866168e+01,6.7564205369037637e+01,5.8628682482407058e+01,9.8240751432146567e+01,4.7184263654454355e+01,7.5744334633148497e+01,3.8328697092160326e+01,7.3446038414992088e+01,4.8585209317268578e+01,7.8095253081064769e+01,6.5550689154983445e+01,6.1678271368287163e+01,6.7702576648881106e+01,8.7768078754349830e+01},
{3.5368001325961373e+01,2.9622366515240206e+01,2.2881149435870345e+01,1.9564141363157770e+01,1.6883759008582054e+01,3.1860599464157001e+01,1.7929756748977198e+01,9.1816766860525814e+00,1.5004497215446740e+01,1.9794989576149252e+01,0.0000000000000000e+00,5.5862873365804447e+01,7.3605013907786827e+01,7.0978420992383661e+01,4.6914815157709675e+01,7.3458936924605993e+01,9.3474776881983558e+01,3.8164098793969011e+01,6.8090466426717200e+01,9.7451285793208982e+01,6.6876835192915820e+01,5.9943775562257706e+01,1.0042380075333971e+02,4.4169541020510643e+01,7.7308987832002728e+01,3.7097966685361726e+01,7.3500457770608293e+01,4.8103065575172835e+01,7.6391132019301949e+01,6.1267521041670754e+01,5.7539209311783310e+01,6.4246442828448394e+01,9.0040385457714621e+01,3.8185826306902435e+01,2.3885054559699615e+01,8.1312340675881316e+01,5.6411014404863934e+01,7.3946468723373229e+01,8.1272183473603917e+01,3.9930582982772364e+01,6.5414153133380808e+01,6.2918768814032951e+01,9.4786682258659894e+01,6.0667385828680658e+01,8.6601700229262477e+01,6.3238547254364860e+01,4.5571642380796469e+01,4.1977005768079984e+01,6.4648395259477027e+01,9.0926021535642732e+01,2.5271719706526504e+01,5.3266322148401791e+01,8.6320609528782498e+01,5.2521808683767219e+01,5.6387763348596934e+01,9.2703046543787778e+01,3.5169495881811123e+01,7.3116415947128800e+01,3.3856252459697188e+01,5.6510641300543902e+01,3.7534850547053260e+01,7.5937658869861721e+01,4.7887195116373839e+01,4.4912254831783287e+01,5.0547160478730376e+01,8.5818773473945726e+01},
{6.0219738461403431e+01,5.3634633947048236e+01,6.7469012838759440e+01,6.2135371531402761e+01,5.5144358000626958e+01,4.0404829837225563e+01,5.4489374631615050e+01,6.3930147550245103e+01,4.1284063741385992e+01,5.4476445992993291e+01,5.5862873365804447e+01,0.0000000000000000e+00,1.9659249478233257e+01,2.9615361152311351e+01,8.3290299288944567e+01,9.2988646642199058e+01,4.5868523990731028e+01,5.4039359768990415e+01,3.5987475129211454e+01,6.1284371171405624e+01,5.4299264032109214e+01,3.2285085098058779e+01,4.8387897895223944e+01,8.8406068570332380e+01,2.3460764385528805e+01,8.8562841332819502e+01,5.9520193189915993e+01,3.0953562286716082e+01,7.4692896595212403e+01,8.3279810002913720e+01,9.2729719833404360e+01,9.5972885126851921e+01,3.7288674005913094e+01,5.6426945038357900e+01,4.8701002607684266e+01,7.5669318645508440e+01,6.1241251685988175e+01,7.9605056918355629e+01,5.0721590424016931e+01,9.0318038569745056e+01,1.0290145705119572e+02,9.8902311707818313e+01,6.6217026102742381e+01,6.2872355304474894e+01,7.0018451115866526e+01,5.7294727130879636e+01,6.3716589682047946e+01,8.2580945929774373e+01,9.4649242196841186e+01,4.7055734456830990e+01,5.5468195211582319e+01,3.8472837721974585e+01,6.2801397908896156e+01,5.5957442298103537e+01,3.3079550915836627e+01,4.9113794410929962e+01,8.9994174502856808e+01,2.4175715443899218e+01,8.8270755715258005e+01,6.3103504535362035e+01,3.4964556561026654e+01,7.6354923035535336e+01,8.6423189076269196e+01,9.5446816245197525e+01,9.7994451621566853e+01,3.7191379260869176e+01},
{7.7744801612001865e+01,7.1401078264089335e+01,8.6597753951136539e+01,7.9815710923533388e+01,7.2782382263496103e+01,5.5166538463854607e+01,7.0060600710912823e+01,8.2122892812768768e+01,5.9258314027779768e+01,7.1963516328491991e+01,7.3605013907786827e+01,1.9659249478233257e+01,0.0000000000000000e+00,2.0415567360226337e+01,1.0288188068919766e+02,1.1084997688373666e+02,4.5200480769977077e+01,6.6909896319679291e+01,4.0557321463218827e+01,6.5858833325822459e+01,6.1222110132005774e+01,4.7130578989616865e+01,4.0944890918522475e+01,1.0475188383187889e+02,2.0011703424503683e+01,1.0546995041702388e+02,6.7731037694417196e+01,4.3695197408049431e+01,9.0528034370023875e+01,9.9830270829049255e+01,1.0859378139281885e+02,1.1262325106706865e+02,3.2259245370814483e+01,7.2411422006913867e+01,6.7710764739884880e+01,8.9941708846395784e+01,7.9156735360429238e+01,9.5861162181038694e+01,6.0358084395420519e+01,1.0901749110459141e+02,1.2098149397255524e+02,1.1832531270294798e+02,7.4653849702392833e+01,7.5633377041671523e+01,8.1047522449368429e+01,7.0828398808547647e+01,8.0085360797898545e+01,1.0222114732419995e+02,1.1277768220184069e+02,4.8015264091364358e+01,6.8665529899404731e+01,4.5494691093835840e+01,6.9081013405201134e+01,6.3879272263833130e+01,4.8400645965014100e+01,4.4187019064135043e+01,1.0657473205722511e+02,2.2893628177280252e+01,1.0521063474356986e+02,7.2773704354799321e+01,4.7842202030552848e+01,9.2227276234656941e+01,1.0337486127559190e+02,1.1162683197485336e+02,1.1495936609951036e+02,3.4190678438609105e+01},
{7.7366303649855709e+01,7.0863596448622317e+01,8.8303532443779005e+01,7.9913247679686563e+01,7.2950673158947751e+01,5.5670173676860351e+01,6.6319452071598008e+01,7.9970175567358282e+01,5.8523021601303654e+01,6.8994777361130360e+01,7.0978420992383661e+01,2.9615361152311351e+01,2.0415567360226337e+01,0.0000000000000000e+00,1.0692773546808462e+02,1.1762609675355839e+02,6.5370250729640048e+01,5.8705668001108577e+01,4.1497489284049969e+01,8.1648450750969602e+01,5.6143236249331736e+01,6.1352363735623143e+01,5.6898529391747068e+01,9.8672199165747784e+01,3.7709654353233354e+01,9.9499293575779291e+01,6.7858010542098341e+01,4.2750199145280376e+01,1.0410398847076179e+02,1.0093973316830996e+02,1.0390835146367112e+02,1.1097807540769826e+02,5.2030217257324878e+01,7.0119467848161719e+01,7.1714957943994577e+01,1.0096193870638004e+02,8.9889229864925099e+01,1.0462535559112351e+02,7.8049149840424406e+01,1.0713676033324563e+02,1.2087431946395363e+02,1.2261309348074879e+02,9.2033361833826703e+01,7.5037927678837420e+01,9.1990981048029298e+01,7.5384379454682602e+01,7.9869191051480740e+01,1.0571379829179057e+02,1.1992099970239867e+02,6.8001754854003920e+01,6.1055974619906749e+01,4.6153450440450875e+01,8.4289038486204532e+01,6.0846198406984492e+01,6.2293418734455017e+01,5.9984727546845953e+01,1.0098057026295217e+02,4.0103342474200204e+01,9.9318169472095391e+01,7.3891608498975785e+01,4.7497373301227562e+01,1.0590932034401791e+02,1.0547927637581070e+02,1.0768829986459258e+02,1.1398601925250023e+02,5.3624227828451176e+01},
{4.0713527166656121e+01,4.2720275940009643e+01,3.0395007027590683e+01,4.7655562978519406e+01,4.9748777708142136e+01,6.8580038063800018e+01,6.1606312378403416e+01,4.0479946880187420e+01,5.3233662105455643e+01,4.5980111945675318e+01,4.6914815157709675e+01,8.3290299288944567e+01,1.0288188068919766e+02,1.0692773546808462e+02,0.0000000000000000e+00,3.5116936420046244e+01,1.0352135219370010e+02,6.8572212063169914e+01,8.8805979556837130e+01,9.5581305397385023e+01,8.6694304855558968e+01,6.6814500555687673e+01,1.1497479689972543e+02,5.3434402403635751e+01,9.7601890211067968e+01,5.1026932131555171e+01,8.3005203828622200e+01,7.2143347894428942e+01,5.3444112587307117e+01,4.5036443376331398e+01,5.6376460785902701e+01,4.9730703494744084e+01,1.0588194567809124e+02,5.1876094637876093e+01,4.2756357392392609e+01,5.9730259193933584e+01,3.9066440593158696e+01,4.6649149579985043e+01,7.9768622954211793e+01,3.1149371956724831e+01,3.9354607541388503e+01,1.7172979710209795e+01,8.6075264323591242e+01,6.6026700199732460e+01,7.4555959253651153e+01,6.1937518675668557e+01,4.6922964974830116e+01,1.1594808240413968e+01,4.6160504760859496e+01,1.0208529601424775e+02,7.1903009668249126e+01,9.0220013977886168e+01,9.7824998629007482e+01,9.2149661967074366e+01,6.6696585588389098e+01,1.1547561951123267e+02,5.8064828508366446e+01,9.7932197002520468e+01,5.2270598594540964e+01,8.8907839795035883e+01,7.5700296961934797e+01,5.5282925668845692e+01,5.6542888936504077e+01,6.5430422900272234e+01,6.0873692086779293e+01,1.0478273832880599e+02},
{4.9858002504213943e+01,5.4850567299250798e+01,6.2296520035404683e+01,7.8443380130675024e+01,7.8439309738041331e+01,9.2653541856654812e+01,8.9463536965145579e+01,6.9279886503518156e+01,7.5792487479152598e+01,6.4273135732587534e+01,7.3458936924605993e+01,9.2988646642199058e+01,1.1084997688373666e+02,1.1762609675355839e+02,3.5116936420046244e+01,0.0000000000000000e+00,1.0231347359185513e+02,8.0917293002922335e+01,8.8481630015709015e+01,8.2228571766105020e+01,8.6006034097573490e+01,6.9876383830606201e+01,1.1045389700316258e+02,7.0551700768217074e+01,9.9828278922457628e+01,7.5477812141270732e+01,7.5215039829815908e+01,7.7849837604783119e+01,4.8643357605302647e+01,3.6021880786690389e+01,6.2600839108822697e+01,4.7813818432458440e+01,1.0604624517288912e+02,5.9286741862816228e+01,6.7262907077636925e+01,3.7028338402592503e+01,4.2808422744498777e+01,2.1566804918066278e+01,7.6512685245240149e+01,5.7783147249283843e+01,4.0999175889106148e+01,2.9988085799585960e+01,7.4499529682109781e+01,6.0640392531820581e+01,5.4091811937574874e+01,5.2036893141342333e+01,4.8670648998047390e+01,4.6425656505931791e+01,7.2342903840805647e+01,1.0526241757767011e+02,9.8177206592762928e+01,1.1164751603076009e+02,1.1134636922070072e+02,1.1829310406119133e+02,7.6045714074626915e+01,1.2629470688666352e+02,9.0157287512695277e+01,1.0791554952406227e+02,8.0558189560724671e+01,1.1619615260776703e+02,9.7877562211543946e+01,5.7743102226567757e+01,8.9937867000993492e+01,1.0001878117191202e+02,9.5938055927607778e+01,1.1136187440554050e+02},
{9.0252263883849878e+01,8.5819255389518986e+01,9.6347117258848044e+01,9.5028025403074949e+01,8.9168038919643422e+01,7.6709442683831682e+01,9.3854827231464270e+01,9.9551068125594156e+01,7.9413849754865041e+01,9.1184799274626187e+01,9.3474776881983558e+01,4.5868523990731028e+01,4.5200480769977077e+01,6.5370250729640048e+01,1.0352135219370010e+02,1.0231347359185513e+02,0.0000000000000000e+00,9.4465728464220490e+01,6.1315021103749771e+01,3.7998772089508684e+01,8.4011746772353618e+01,3.7244711030616294e+01,3.0029204972741361e+01,1.2453848813357160e+02,3.0083561708110725e+01,1.2584492688867209e+02,7.9847606065870664e+01,6.6401301239320659e+01,6.8231135272972423e+01,1.0488870785067101e+02,1.2458420630165895e+02,1.2206019203019693e+02,1.5343322254813689e+01,8.9175761502125980e+01,7.7278130033876351e+01,7.2504627355033563e+01,6.7512895292315733e+01,8.3870789801931807e+01,2.9042697779018958e+01,1.2133447526011322e+02,1.2697435758524419e+02,1.1613761751656980e+02,3.9348413809518753e+01,8.7620355197477451e+01,6.4873004952472101e+01,7.3469066655019617e+01,9.1245658496184475e+01,1.0493923337723480e+02,1.0806447391760749e+02,1.6393957823594704e+01,9.8390744347090376e+01,7.2122872632551122e+01,5.5224310285070125e+01,9.0909103342523636e+01,4.1465748851866309e+01,4.2744499813608961e+01,1.2786279621948697e+02,3.5620883463823667e+01,1.2611271345996553e+02,9.1411421396713010e+01,7.3329449851655340e+01,7.0712966030939313e+01,1.1220340766523533e+02,1.3068215032713763e+02,1.2831402313580398e+02,2.4143094869122955e+01},
{3.1274932242649211e+01,2.7707780756594715e+01,5.7508763898155046e+01,5.7343677283168461e+01,5.2919600244727789e+01,5.5665346717545091e+01,4.7781668129081886e+01,4.2939580747211956e+01,3.8188475738640690e+01,2.3792872501562435e+01,3.8164098793969011e+01,5.4039359768990415e+01,6.6909896319679291e+01,5.8705668001108577e+01,6.8572212063169914e+01,8.0917293002922335e+01,9.4465728464220490e+01,0.0000000000000000e+00,4.5198725063901314e+01,9.0933851460641989e+01,3.3906522073315649e+01,6.6153517953107908e+01,8.9480163035842878e+01,4.1661386550178598e+01,7.0104462513326908e+01,4.7228165835333527e+01,4.6095688839857587e+01,2.9238232002875591e+01,9.2557927425317587e+01,5.3642216562085984e+01,4.6269317088662561e+01,5.6877863726467957e+01,8.6462967908778438e+01,2.1973036990229822e+01,5.3917386625563445e+01,8.1513536250449150e+01,7.3106362992612731e+01,7.6407508708886979e+01,8.8202678405858322e+01,5.7875499353363594e+01,6.8440947002861137e+01,8.1151455087470680e+01,9.8074021892233631e+01,3.6860158745998270e+01,7.8888921047140414e+01,4.8690749971812743e+01,3.3795103054777776e+01,6.9516149859999359e+01,9.9234160574196281e+01,9.7980336868846450e+01,4.3394290532115669e+01,6.8578348692920017e+01,1.0733738569875455e+02,7.3439072233557582e+01,7.0055215428319272e+01,1.0183162296737062e+02,6.1637470406244837e+01,7.7677478656553888e+01,5.1740520332333851e+01,8.3932563787533596e+01,5.5214002320631373e+01,9.6968827042959362e+01,8.6050994696022300e+01,7.7805510438877576e+01,8.6972476532859773e+01,9.0896447440248764e+01},
{5.4085634355381167e+01,5.0699462406503621e+01,8.1961645404721452e+01,8.1878502980813280e+01,7.5444798973176091e+01,6.8146432161334957e+01,7.3990216314604083e+01,7.4650351681426926e+01,5.8084521613573457e+01,5.5734155403597313e+01,6.8090466426717200e+01,3.5987475129211454e+01,4.0557321463218827e+01,4.1497489284049969e+01,8.8805979556837130e+01,8.8481630015709015e+01,6.1315021103749771e+01,4.5198725063901314e+01,0.0000000000000000e+00,5.5605100031809606e+01,2.3698621201572536e+01,4.8251142777397071e+01,4.7086314640522971e+01,8.2402936043047589e+01,3.5173789368716129e+01,8.8993102803927471e+01,2.7654746091195527e+01,2.0063670887500678e+01,8.5386170962186753e+01,6.9442507528285830e+01,7.9753748048492170e+01,8.2517885698368517e+01,5.0761984697256018e+01,4.6097568288838801e+01,6.8515560994279383e+01,6.8963814436915527e+01,7.1897456667991463e+01,7.3229688273367358e+01,6.4325356167594549e+01,9.2506581593009827e+01,9.4792580629442782e+01,1.0114951822895129e+02,7.1172695848442359e+01,3.9597750766429300e+01,5.6621070314198910e+01,3.8662700060320084e+01,5.1518266209231641e+01,9.2094648277709453e+01,1.1483135742724356e+02,7.0759566159838641e+01,7.2208314287081464e+01,7.1287216243656843e+01,9.5551945854920447e+01,8.5948128783169423e+01,5.8304265542588901e+01,8.0569018349013731e+01,1.0072529351559949e+02,5.6354630842158038e+01,9.2978055803508639e+01,9.5371367698602711e+01,6.4060705447118110e+01,9.2206956115243003e+01,1.0952267168081720e+02,1.1255568388549943e+02,1.1752703632473967e+02,6.4646925283775090e+01},
{8.0191395765478106e+01,7.8830648696580027e+01,9.8919722875889335e+01,1.0353447615919268e+02,9.8253609549928726e+01,9.2883950945522372e+01,1.0448353082115304e+02,1.0161433936484805e+02,8.6405241341889223e+01,8.8308125846157623e+01,9.7451285793208982e+01,6.1284371171405624e+01,6.5858833325822459e+01,8.1648450750969602e+01,9.5581305397385023e+01,8.2228571766105020e+01,3.7998772089508684e+01,9.0933851460641989e+01,5.5605100031809606e+01,0.0000000000000000e+00,7.2776200491334237e+01,4.2525774679508444e+01,3.7916754500989533e+01,1.1616929044223237e+02,4.5942607149334250e+01,1.2168688016226520e+02,6.0770510668559815e+01,6.3750299165798559e+01,6.0989097823780590e+01,8.5008494508119639e+01,1.1019297815485635e+02,1.0386946280473479e+02,4.1898673872303199e+01,7.9515294451227177e+01,8.4245777863795468e+01,4.6440547530716636e+01,6.2130236021954637e+01,6.0925987823740158e+01,3.3830895354906545e+01,1.1491316477635922e+02,1.1021126190982034e+02,1.0411009231628805e+02,2.5147902078016205e+01,6.9605284959951319e+01,3.2809070424745819e+01,5.2718750979200578e+01,7.7144411267583038e+01,1.0109265236408746e+02,1.1323367952063909e+02,5.1656923771575038e+01,1.0921919314048780e+02,9.5956404698591015e+01,8.4908828823825885e+01,1.1339541477922027e+02,5.5661258484392405e+01,7.9511125579823144e+01,1.3137768152686991e+02,6.5254499379211452e+01,1.2505606539837365e+02,1.1492912557932583e+02,9.1233826664964852e+01,7.0228285920523106e+01,1.2303132924490968e+02,1.3876307100482262e+02,1.3684531832591145e+02,5.9731128598757337e+01},
{4.6950751689555162e+01,4.5749534778075073e+01,8.2516340768791650e+01,8.4267207497623247e+01,7.8755900842856107e+01,7.6507335017295304e+01,7.5964103113021764e+01,7.1984654896817261e+01,6.1582238673322585e+01,5.0345619085982115e+01,6.6876835192915820e+01,5.4299264032109214e+01,6.1222110132005774e+01,5.6143236249331736e+01,8.6694304855558968e+01,8.6006034097573490e+01,8.4011746772353618e+01,3.3906522073315649e+01,2.3698621201572536e+01,7.2776200491334237e+01,0.0000000000000000e+00,6.4788819243194183e+01,6.9837189355132367e+01,6.8114605125193677e+01,5.8568406865714550e+01,7.7759062402132130e+01,1.8727135101923889e+01,2.6205931098884868e+01,9.5495388744097099e+01,5.8692962332365909e+01,6.3018501897530292e+01,6.8023715752906256e+01,7.4287403967203630e+01,3.6588763717769041e+01,7.4214864510673294e+01,7.4288294277065745e+01,7.9905448824250286e+01,7.4519713458025308e+01,8.2523518258343884e+01,8.4078786393582178e+01,8.3173011196738841e+01,9.7222955377119675e+01,8.7728694510764925e+01,2.6879464806780518e+01,6.3659524644827407e+01,3.7378192878336428e+01,4.2059975605110694e+01,9.0896587489312665e+01,1.1982850494624526e+02,9.2888885225152876e+01,7.2492858934314015e+01,8.3833506859367944e+01,1.1415710646744699e+02,9.4820809597616247e+01,7.4451341427338463e+01,1.0203272868224994e+02,9.4640989565870811e+01,7.7193798319869529e+01,8.3866668125358174e+01,1.0542359388560436e+02,7.3742689864889044e+01,1.0317402306953038e+02,1.1294633200313483e+02,1.1004843192183282e+02,1.1722328676745590e+02,8.7010232111681077e+01},
{5.5500125892088185e+01,5.1192038964836094e+01,6.0828931370931954e+01,6.2643635889591238e+01,5.7281174689491493e+01,5.1809052127892066e+01,6.4474980022591339e+01,6.4688449715197962e+01,4.7743604692250891e+01,5.7114294173127888e+01,5.9943775562257706e+01,3.2285085098058779e+01,4.7130578989616865e+01,6.1352363735623143e+01,6.6814500555687673e+01,6.9876383830606201e+01,3.7244711030616294e+01,6.6153517953107908e+01,4.8251142777397071e+01,4.2525774679508444e+01,6.4788819243194183e+01,0.0000000000000000e+00,5.1420336621891749e+01,8.9691275812860880e+01,3.5506678960255286e+01,9.0490311735134526e+01,6.0734726836947914e+01,4.2572325080426992e+01,4.3583303793895254e+01,7.1778439002554492e+01,9.0624574945905906e+01,8.7876926627046885e+01,3.9511114159773342e+01,5.6845453222420034e+01,4.3461199227306494e+01,4.8737538251357826e+01,3.4171174095374504e+01,5.4657405537291581e+01,2.2833521356848472e+01,8.4325843488886306e+01,9.1170238944473965e+01,8.0234050412874367e+01,3.8071187191440792e+01,6.0541460296209010e+01,4.7939900243427182e+01,4.6711940456327568e+01,5.8171653226382467e+01,6.8410037395719328e+01,7.7856666840010121e+01,3.8697929581447227e+01,7.1229324815993522e+01,5.8366888797896301e+01,5.5409883934126682e+01,7.3769833957221408e+01,1.4901113291148750e+01,5.7916303434297774e+01,9.3921856516105592e+01,3.9450332526946326e+01,9.1041282249960986e+01,7.3827794448386243e+01,5.1711249039009950e+01,4.7132812768122477e+01,8.1937679345592329e+01,9.8497932765650802e+01,9.6292465897034560e+01,4.1676102368400777e+01},
{9.1509107077279737e+01,8.7668350021083896e+01,1.0855586696193774e+02,1.0727694421869506e+02,1.0067808620087028e+02,8.7755050189507955e+01,1.0220343552530736e+02,1.0728019765257528e+02,8.6762787215021348e+01,9.3531024775246109e+01,1.0042380075333971e+02,4.8387897895223944e+01,4.0944890918522475e+01,5.6898529391747068e+01,1.1497479689972543e+02,1.1045389700316258e+02,3.0029204972741361e+01,8.9480163035842878e+01,4.7086314640522971e+01,3.7916754500989533e+01,6.9837189355132367e+01,5.1420336621891749e+01,0.0000000000000000e+00,1.2470009020821621e+02,2.4998731952236884e+01,1.2899347947628320e+02,6.6338846815814108e+01,6.0608381096147490e+01,8.7607336020045537e+01,1.0455569508732430e+02,1.2229895401034014e+02,1.2128215721793525e+02,1.9988742524939322e+01,8.7127357352213721e+01,9.0338533377318655e+01,7.8947672550589957e+01,8.3453713632377045e+01,9.0568249279495376e+01,5.0893819723533163e+01,1.2805177461040526e+02,1.3029341093254294e+02,1.2717873725091144e+02,5.5126499945300068e+01,8.0048476938095021e+01,6.4459980695853815e+01,6.9270979150771254e+01,8.9953660092930591e+01,1.1781701351457295e+02,1.2887158462369283e+02,4.4807628278089879e+01,1.0329924395160592e+02,8.2431692339388505e+01,8.2288868605064465e+01,1.0157760798118154e+02,6.0350570459046423e+01,6.0498723726732138e+01,1.3549783201659349e+02,4.7287375720617383e+01,1.3108925747436700e+02,1.0689926434933925e+02,8.2650329756173804e+01,9.3140809318455780e+01,1.2953100522479866e+02,1.4213303295409406e+02,1.4300819936538636e+02,4.2873534667688041e+01},
{3.6208126248108627e+01,3.8929907831557465e+01,5.2241517786242973e+01,5.9388425571241335e+01,5.9786575884154338e+01,7.5358307854601719e+01,5.9132353614288675e+01,3.9877615061196678e+01,5.5812124168287781e+01,3.4628728754133981e+01,4.4169541020510643e+01,8.8406068570332380e+01,1.0475188383187889e+02,9.8672199165747784e+01,5.3434402403635751e+01,7.0551700768217074e+01,1.2453848813357160e+02,4.1661386550178598e+01,8.2402936043047589e+01,1.1616929044223237e+02,6.8114605125193677e+01,8.9691275812860880e+01,1.2470009020821621e+02,0.0000000000000000e+00,1.0562603115875586e+02,1.6165767002794549e+01,7.3143678193200287e+01,6.5412583918741774e+01,9.8358800976294447e+01,4.4816383579243400e+01,2.0177438312162263e+01,3.4274315919795207e+01,1.2009892978392534e+02,3.8106106134397763e+01,6.3191090556400361e+01,8.9471288638838615e+01,7.9422960635030520e+01,7.7582895029304183e+01,1.0985133931542529e+02,2.8102623862809029e+01,3.9632451966480453e+01,5.9995667267759188e+01,1.1760139169724114e+02,5.4951327926666458e+01,9.4626707257300140e+01,6.6596401222834956e+01,4.0085051212441208e+01,5.4634812741283390e+01,9.0391904879862466e+01,1.2619260659522504e+02,5.9355474700886091e+01,9.5032031729175756e+01,1.2783236198109053e+02,9.3743693751948896e+01,9.1907147007692686e+01,1.3265232925194829e+02,4.4041489065333181e+01,1.1022747916678416e+02,2.7149637461476662e+01,9.9578771173909232e+01,7.9474416431619915e+01,1.0213919412017428e+02,7.9757519844236995e+01,6.4474109516578082e+01,7.3472436661236827e+01,1.2235905206387658e+02},
{7.4026978905568669e+01,6.8853441431832053e+01,8.6832620722698408e+01,8.3748255434001962e+01,7.6959912339118446e+01,6.3046178599920175e+01,7.7653801386044861e+01,8.4728297051671802e+01,6.3119768844305391e+01,7.2727839284991973e+01,7.7308987832002728e+01,2.3460764385528805e+01,2.0011703424503683e+01,3.7709654353233354e+01,9.7601890211067968e+01,9.9828278922457628e+01,3.0083561708110725e+01,7.0104462513326908e+01,3.5173789368716129e+01,4.5942607149334250e+01,5.8568406865714550e+01,3.5506678960255286e+01,2.4998731952236884e+01,1.0562603115875586e+02,0.0000000000000000e+00,1.0802560746630300e+02,5.9371965570434114e+01,4.2057716368584437e+01,7.7932233261052261e+01,9.2142392066088092e+01,1.0635377354806295e+02,1.0733167426310638e+02,1.7300982343194235e+01,6.9794642595921047e+01,6.8029163515573288e+01,7.4329876986130770e+01,6.9240383136809371e+01,8.2543502292457021e+01,4.4814908780936499e+01,1.0825077324143378e+02,1.1543118520317493e+02,1.1162446221783544e+02,5.6480906228677163e+01,6.8728722208875126e+01,6.3962814254599316e+01,5.9805523474330620e+01,7.4738668949694642e+01,9.8812221516790359e+01,1.1005008690842530e+02,3.8316372816797198e+01,7.8716687461435001e+01,5.8387068281535505e+01,6.7980716477833184e+01,7.7210441190752377e+01,4.1741522572893054e+01,4.8093143526079025e+01,1.1213084365118945e+02,2.7254130249962159e+01,1.0900907916493193e+02,8.3204948013617383e+01,5.7737401467873376e+01,8.1608374665015035e+01,1.0677144026229539e+02,1.1808112930700079e+02,1.1960731001722148e+02,3.0789888998181670e+01},
